final  matrix a is:
 0.580484  0.419516  0.000000  0.000000  0.000000  
  0.000000  0.206893  0.793107  0.000000  0.000000  
  0.000000  0.000000  0.829882  0.170118  0.000000  
  0.000000  0.000000  0.000000  0.836913  0.163087  
  0.000000  0.000000  0.000000  0.000000  1.000000  
  final matrix b is:
 1.000000e-030  6.666667e-002  1.000000e-030  1.000000e-030  1.000000e-030  1.000000e-030  4.657143e-001  1.000000e-030  1.000000e-030  1.000000e-030  1.000000e-030  1.000000e-030  1.000000e-030  1.000000e-030  1.000000e-030  1.000000e-030  1.000000e-030  4.761905e-002  2.000000e-001  1.000000e-030  1.000000e-030  1.000000e-030  2.000000e-002  1.000000e-030  1.000000e-030  1.000000e-030  2.000000e-001  1.000000e-030  1.000000e-030  1.000000e-030  1.000000e-030  1.000000e-030  
  1.000000e-030  2.000000e-001  5.000000e-001  1.000000e-030  1.000000e-030  1.000000e-030  1.000000e-030  1.000000e-030  1.000000e-030  1.000000e-030  1.000000e-001  1.000000e-030  1.000000e-030  1.000000e-030  1.000000e-030  1.000000e-030  1.000000e-030  1.000000e-030  1.000000e-001  1.000000e-030  1.000000e-030  1.000000e-030  1.000000e-030  1.000000e-030  1.000000e-030  1.000000e-030  1.000000e-001  1.000000e-030  1.000000e-030  1.000000e-030  1.000000e-030  1.000000e-030  
  1.000000e-030  1.000000e-030  1.023012e-001  1.000000e-030  1.000000e-030  1.000000e-030  1.000000e-030  1.000000e-030  1.000000e-030  1.000000e-030  1.000000e-030  1.000000e-030  6.394621e-002  1.000000e-030  1.000000e-030  1.000000e-030  1.000000e-030  1.000000e-030  1.000000e-030  1.000000e-030  1.000000e-030  1.000000e-030  1.000000e-030  1.000000e-030  1.000000e-030  1.000000e-030  8.337526e-001  1.000000e-030  1.000000e-030  1.000000e-030  1.000000e-030  1.000000e-030  
  1.000000e-030  1.000000e-030  1.000000e-001  1.000000e-030  1.000000e-030  1.000000e-030  1.000000e-030  1.000000e-030  1.000000e-030  1.000000e-030  1.000000e-030  1.000000e-030  5.268222e-002  1.000000e-030  1.000000e-030  1.000000e-030  1.000000e-030  1.000000e-030  1.000000e-030  1.000000e-030  1.000000e-030  1.000000e-030  1.000000e-030  1.000000e-030  5.641933e-002  1.000000e-030  7.908984e-001  1.000000e-030  1.000000e-030  1.000000e-030  1.000000e-030  1.000000e-030  
  1.000000e-030  2.975709e-002  2.857143e-002  1.000000e-030  1.000000e-030  1.000000e-030  1.000000e-030  1.000000e-030  9.156720e-002  1.000000e-030  1.000000e-030  1.000000e-030  3.107769e-002  1.000000e-030  3.379953e-002  1.000000e-030  1.000000e-030  2.205586e-001  6.060606e-003  1.000000e-030  1.457754e-001  1.000000e-030  1.000000e-030  1.000000e-030  2.789310e-001  1.000000e-030  1.044505e-001  1.000000e-030  1.000000e-030  1.000000e-030  2.945090e-002  1.000000e-030  
  