final  matrix a is:
 0.633447  0.366553  0.000000  0.000000  0.000000  
  0.000000  0.699184  0.300816  0.000000  0.000000  
  0.000000  0.000000  0.798573  0.201427  0.000000  
  0.000000  0.000000  0.000000  0.975760  0.024240  
  0.000000  0.000000  0.000000  0.000000  1.000000  
  final matrix b is:
 1.000000e-030  2.568561e-002  1.000000e-030  1.000000e-030  1.000000e-030  1.000000e-030  6.329314e-001  1.000000e-030  1.000000e-030  1.000000e-030  1.000000e-030  1.000000e-030  1.000000e-030  5.000000e-002  1.000000e-030  1.000000e-030  1.000000e-030  4.947754e-002  6.006931e-002  1.000000e-030  1.000000e-030  1.000000e-030  1.818362e-001  1.000000e-030  1.000000e-030  1.000000e-030  1.000000e-030  1.000000e-030  1.000000e-030  1.000000e-030  1.000000e-030  1.000000e-030  
  1.000000e-030  1.800948e-002  1.000000e-030  1.000000e-030  1.000000e-030  1.000000e-030  3.420859e-001  1.000000e-030  1.000000e-030  1.363291e-003  1.000000e-030  1.000000e-030  1.000000e-030  1.000000e-030  1.000000e-030  1.000000e-030  1.000000e-030  2.919162e-002  1.000000e-030  1.000000e-030  1.000000e-030  1.000000e-030  6.093497e-001  1.000000e-030  1.000000e-030  1.000000e-030  1.000000e-030  1.000000e-030  1.000000e-030  1.000000e-030  1.000000e-030  1.000000e-030  
  1.000000e-030  1.000000e-030  1.000000e-030  1.000000e-030  1.000000e-030  1.000000e-030  7.646643e-002  1.000000e-030  1.000000e-030  1.000000e-030  1.000000e-030  1.000000e-030  1.000000e-030  2.156763e-001  1.000000e-030  1.000000e-030  1.000000e-030  1.000000e-030  1.000000e-030  9.387454e-002  1.000000e-030  1.000000e-030  6.139828e-001  1.000000e-030  1.000000e-030  1.000000e-030  1.000000e-030  1.000000e-030  1.000000e-030  1.000000e-030  1.000000e-030  1.000000e-030  
  1.000000e-030  1.000000e-030  1.000000e-030  1.000000e-030  1.000000e-030  1.910319e-003  1.648626e-002  1.027851e-003  1.000000e-030  1.000000e-030  1.000000e-030  1.000000e-030  1.000000e-030  4.496718e-001  1.000000e-030  8.115942e-002  1.000000e-030  1.000000e-030  1.000000e-030  5.904835e-002  1.000000e-030  1.000000e-030  5.152307e-003  1.000000e-030  1.000000e-030  1.462096e-003  1.000000e-030  1.000000e-030  1.000000e-030  3.717835e-001  1.000000e-030  1.229811e-002  
  1.020408e-003  3.351648e-003  1.888413e-001  4.687800e-003  1.020408e-003  1.660950e-003  1.544641e-001  2.837620e-002  1.000000e-030  1.111111e-003  1.274299e-001  1.705940e-003  2.040816e-003  4.107220e-002  1.334003e-002  3.280191e-002  1.000000e-030  3.134219e-003  3.164868e-001  1.470047e-003  1.000000e-030  1.022088e-002  2.007419e-002  1.705940e-003  1.000000e-030  1.070774e-002  1.666599e-002  1.000000e-030  1.000000e-030  1.110062e-002  2.361599e-003  3.147289e-003  
  1.244464e-089 
final  matrix a is:
 0.632822  0.367178  0.000000  0.000000  0.000000  
  0.000000  0.768015  0.231985  0.000000  0.000000  
  0.000000  0.000000  0.891999  0.108001  0.000000  
  0.000000  0.000000  0.000000  0.951356  0.048644  
  0.000000  0.000000  0.000000  0.000000  1.000000  
  final matrix b is:
 1.000000e-030  8.680080e-002  1.000000e-030  1.000000e-030  6.577497e-002  1.000000e-030  4.094759e-001  1.000000e-030  1.000000e-030  1.000000e-030  1.500000e-001  1.000000e-030  1.000000e-030  1.000000e-030  3.333333e-002  1.000000e-030  1.000000e-030  9.742423e-002  1.571908e-001  1.000000e-030  2.754098e-030  1.000000e-030  1.000000e-030  1.000000e-030  1.000000e-030  1.000000e-030  1.000000e-030  1.000000e-030  1.000000e-030  1.000000e-030  1.000000e-030  1.000000e-030  
  8.899751e-004  1.000000e-030  5.177995e-002  1.000000e-030  1.559770e-002  1.000000e-030  1.806951e-001  1.000000e-030  1.000000e-030  1.000000e-030  1.654975e-003  1.000000e-030  2.224693e-009  1.000000e-030  1.000000e-030  1.000000e-030  1.000000e-030  2.961021e-002  6.179922e-001  1.000000e-030  1.779950e-003  1.000000e-030  1.000000e-030  1.000000e-030  1.000000e-030  1.000000e-030  1.000000e-001  1.000000e-030  1.000000e-030  1.000000e-030  1.000000e-030  1.000000e-030  
  1.000000e-030  1.000000e-030  1.049012e-001  1.000000e-030  1.000000e-030  1.000000e-030  4.937373e-029  1.000000e-030  1.000000e-030  1.000000e-030  2.187323e-001  1.000000e-030  4.000289e-002  1.000000e-030  8.975653e-004  1.000000e-030  1.000000e-030  2.763684e-003  5.929873e-001  1.000000e-030  1.000000e-030  1.000000e-030  1.000000e-030  1.000000e-030  1.000000e-030  1.000000e-030  3.971499e-002  1.000000e-030  1.000000e-030  1.000000e-030  1.504914e-029  1.000000e-030  
  1.000000e-030  1.000000e-030  9.383428e-002  1.000000e-030  1.000000e-030  1.000000e-030  1.000000e-030  1.000000e-030  4.089950e-022  1.000000e-030  1.190276e-001  1.000000e-030  4.555119e-001  1.000000e-030  1.452326e-003  1.000000e-030  1.000000e-030  1.000000e-030  1.000000e-030  1.000000e-030  1.647727e-001  1.000000e-030  1.000000e-030  1.000000e-030  9.689508e-002  1.000000e-030  5.430896e-002  1.000000e-030  1.242525e-002  1.000000e-030  1.771838e-003  1.000000e-030  
  4.938272e-003  6.245780e-002  1.000000e-030  3.086420e-003  4.474659e-002  1.000000e-030  1.698386e-001  1.000000e-030  2.603579e-002  1.000000e-030  1.000000e-030  1.000000e-030  1.000000e-030  1.000000e-030  1.000000e-030  1.000000e-030  1.000000e-030  6.715436e-001  7.803214e-003  1.000000e-030  6.825658e-003  1.000000e-030  1.000000e-030  1.000000e-030  2.106772e-003  6.172840e-004  1.000000e-030  1.000000e-030  1.000000e-030  1.000000e-030  1.000000e-030  1.000000e-030  
  1.670637e-041 
 0.715168  0.284832  0.000000  0.000000  0.000000  
  0.000000  0.699565  0.300435  0.000000  0.000000  
  0.000000  0.000000  0.929989  0.070011  0.000000  
  0.000000  0.000000  0.000000  0.969658  0.030342  
  0.000000  0.000000  0.000000  0.000000  1.000000  
  final matrix b is:
 1.000000e-030  2.578333e-001  1.653940e-002  1.000000e-030  1.384416e-001  1.000000e-030  8.333333e-003  1.000000e-030  1.000000e-030  5.319149e-004  1.000000e-030  1.000000e-030  1.000000e-030  1.000000e-030  1.000000e-030  1.000000e-030  1.000000e-030  5.454370e-001  1.000000e-002  1.000000e-030  1.574057e-002  1.000000e-030  1.000000e-030  1.000000e-030  1.000000e-030  1.000000e-030  1.000000e-030  1.000000e-030  1.000000e-030  1.000000e-030  7.142857e-003  1.000000e-030  
  1.000000e-030  1.000000e-030  2.555886e-001  1.000000e-030  1.000000e-030  1.032362e-001  3.406521e-003  1.000000e-030  1.000000e-030  1.000000e-030  1.000000e-030  1.000000e-030  1.000000e-030  1.000000e-030  3.982223e-002  1.000000e-030  1.000000e-030  2.639466e-001  2.274726e-001  1.000000e-030  1.896011e-002  1.000000e-030  1.000000e-030  1.000000e-030  1.000000e-030  1.000000e-030  4.239203e-002  1.000000e-030  1.000000e-030  1.000000e-030  4.517506e-002  1.000000e-030  
  1.000000e-030  1.000000e-030  3.131190e-001  1.000000e-030  1.000000e-030  1.000000e-030  1.000000e-030  1.000000e-030  1.000000e-030  1.000000e-030  2.607124e-001  1.000000e-030  1.000000e-030  1.000000e-030  1.237682e-001  1.000000e-030  1.000000e-030  1.038213e-002  2.245959e-001  1.000000e-030  1.000000e-030  1.000000e-030  1.000000e-030  1.000000e-030  1.000000e-030  1.000000e-030  2.734445e-002  1.000000e-030  1.000000e-030  1.000000e-030  4.007790e-002  1.000000e-030  
  1.000000e-030  1.000000e-030  9.733998e-003  1.000000e-030  1.000000e-030  1.000000e-030  7.722495e-002  1.000000e-030  1.000000e-030  1.000000e-030  1.524851e-002  1.000000e-030  1.000000e-030  1.000000e-030  7.394476e-002  1.000000e-030  1.000000e-030  7.392980e-003  8.081091e-001  1.000000e-030  1.000000e-030  1.000000e-030  1.000000e-030  1.000000e-030  1.000000e-030  1.000000e-030  1.190093e-003  1.000000e-030  1.000000e-030  1.000000e-030  7.155587e-003  1.000000e-030  
  8.504491e-004  6.173178e-002  5.812916e-003  1.000000e-030  1.022913e-001  1.000000e-030  5.157197e-001  1.000000e-030  7.352941e-004  1.000000e-030  1.000000e-030  1.000000e-030  1.000000e-030  1.000000e-030  1.000000e-030  1.000000e-030  1.000000e-030  1.439800e-001  1.658222e-001  1.000000e-030  3.056331e-003  1.000000e-030  1.000000e-030  1.000000e-030  1.000000e-030  1.000000e-030  1.000000e-030  1.000000e-030  1.000000e-030  1.000000e-030  1.000000e-030  1.000000e-030  
  5.779298e-021 
final  matrix a is:
 0.643000  0.357000  0.000000  0.000000  0.000000  
  0.000000  0.694745  0.305255  0.000000  0.000000  
  0.000000  0.000000  0.629793  0.370207  0.000000  
  0.000000  0.000000  0.000000  0.708355  0.291645  
  0.000000  0.000000  0.000000  0.000000  1.000000  
  final matrix b is:
 4.545455e-003  3.551786e-002  1.000000e-030  7.500792e-002  9.066339e-002  1.000000e-030  6.000000e-002  4.857143e-002  1.000000e-030  1.158720e-001  1.000000e-030  1.000000e-030  1.000000e-030  5.000000e-002  1.000000e-030  1.000000e-030  1.000000e-030  8.783784e-003  1.000000e-030  1.000000e-030  1.000000e-030  5.000000e-002  2.502747e-001  4.500000e-002  1.000000e-030  1.157634e-001  1.000000e-030  1.000000e-030  1.000000e-030  1.000000e-030  3.333333e-002  1.666667e-002  
  1.250000e-002  4.166667e-003  1.000000e-030  2.326529e-002  1.000000e-030  1.000000e-030  9.345238e-002  1.404431e-001  1.000000e-030  5.446938e-002  1.000000e-030  6.746795e-002  1.000000e-030  1.425025e-001  1.000000e-030  5.000000e-002  1.000000e-030  1.000000e-030  1.000000e-030  1.614595e-001  1.000000e-030  1.259568e-001  6.954098e-002  4.019205e-002  1.000000e-030  1.458333e-002  1.000000e-030  1.000000e-030  1.000000e-030  1.000000e-030  1.000000e-030  1.000000e-030  
  1.000000e-030  1.000000e-030  1.000000e-030  1.666667e-002  1.000000e-030  1.000000e-030  2.400644e-001  3.551442e-002  1.000000e-030  1.000000e-030  1.000000e-030  1.000000e-030  1.000000e-030  2.119735e-001  1.000000e-002  1.000000e-001  1.000000e-030  1.000000e-030  1.000000e-030  1.000000e-030  1.000000e-030  2.296964e-001  1.560845e-001  1.000000e-030  1.000000e-030  1.000000e-030  1.000000e-030  1.000000e-030  1.000000e-030  1.000000e-030  1.000000e-030  1.000000e-030  
  1.000000e-030  1.000000e-030  1.000000e-030  1.000000e-030  1.000000e-030  4.658657e-002  5.555556e-003  1.000000e-030  1.000000e-030  1.000000e-030  1.000000e-030  8.644088e-002  1.000000e-030  5.000000e-003  1.000000e-030  6.071535e-002  1.000000e-030  1.000000e-030  1.000000e-030  1.382023e-002  1.000000e-030  5.354718e-001  1.000000e-030  1.000000e-030  1.000000e-030  1.000000e-030  1.000000e-030  1.000000e-030  1.000000e-030  1.801134e-014  7.188671e-002  1.745229e-001  
  1.000000e-030  7.738095e-003  1.000000e-030  1.719577e-003  3.240741e-003  8.633824e-004  1.090682e-001  1.000000e-030  1.000000e-030  4.629630e-004  1.000000e-030  1.000000e-030  1.000000e-030  4.884256e-002  1.881575e-002  3.474459e-001  1.000000e-030  6.847110e-003  8.928571e-004  1.000000e-030  1.000000e-030  4.726458e-003  9.075262e-004  1.887918e-003  1.000000e-030  9.259259e-004  1.000000e-030  1.000000e-030  1.000000e-030  1.953433e-001  1.000000e-030  2.502717e-001  
  5.551675e-041 
final  matrix a is:
 0.252586  0.747414  0.000000  0.000000  0.000000  
  0.000000  0.862508  0.137492  0.000000  0.000000  
  0.000000  0.000000  0.936646  0.063354  0.000000  
  0.000000  0.000000  0.000000  0.894159  0.105841  
  0.000000  0.000000  0.000000  0.000000  1.000000  
  final matrix b is:
 1.000000e-030  1.000000e-001  5.166561e-001  1.000000e-030  1.000000e-030  1.000000e-030  1.000000e-030  1.000000e-030  1.000000e-030  1.000000e-030  1.833439e-001  1.000000e-030  1.000000e-030  1.000000e-030  1.000000e-030  1.000000e-030  1.000000e-030  5.000000e-002  1.500000e-001  1.000000e-030  1.000000e-030  1.000000e-030  1.000000e-030  1.000000e-030  1.000000e-030  1.000000e-030  1.000000e-030  1.000000e-030  1.000000e-030  1.000000e-030  1.000000e-030  1.000000e-030  
  1.000000e-030  1.000000e-030  2.359453e-001  1.000000e-030  5.000000e-002  1.000000e-030  3.333333e-002  1.000000e-030  1.000000e-030  1.000000e-030  4.665801e-001  1.000000e-030  1.000000e-030  1.000000e-030  2.886135e-003  1.000000e-030  1.000000e-030  1.000000e-030  1.666667e-002  1.000000e-030  1.000000e-030  1.000000e-030  1.000000e-030  1.000000e-030  1.000000e-030  1.000000e-030  1.945884e-001  1.000000e-030  1.000000e-030  1.000000e-030  1.000000e-030  1.000000e-030  
  1.000000e-030  1.000000e-030  2.531419e-001  1.000000e-030  1.000000e-030  1.000000e-030  1.000000e-030  1.000000e-030  1.000000e-030  1.000000e-030  3.058247e-001  1.000000e-030  1.714585e-003  1.000000e-030  2.004377e-002  1.000000e-030  1.000000e-030  1.000000e-030  1.000000e-030  1.000000e-030  1.000000e-030  1.000000e-030  1.000000e-030  1.000000e-030  1.000000e-030  1.000000e-030  4.192750e-001  1.000000e-030  1.000000e-030  1.000000e-030  1.000000e-030  1.000000e-030  
  1.000000e-030  1.000000e-030  6.174766e-001  1.000000e-030  1.000000e-030  1.000000e-030  1.000000e-030  1.000000e-030  1.117348e-002  1.000000e-030  1.547287e-001  1.000000e-030  1.000000e-030  1.000000e-030  7.605788e-002  1.000000e-030  1.000000e-030  2.241619e-002  4.743139e-002  1.000000e-030  8.886638e-003  1.000000e-030  1.000000e-030  1.000000e-030  1.000000e-030  1.000000e-030  5.657251e-002  1.000000e-030  1.000000e-030  1.000000e-030  5.256667e-003  1.000000e-030  
  1.470588e-003  2.369169e-001  1.141853e-001  3.884805e-002  1.273453e-002  2.620033e-003  8.807970e-002  1.875000e-002  5.117770e-002  3.225806e-003  1.999026e-002  1.000000e-030  1.000000e-030  1.000000e-030  9.834276e-003  1.000000e-030  1.000000e-030  3.684544e-001  6.204209e-003  1.000000e-030  1.715543e-002  1.000000e-030  5.921449e-003  1.000000e-030  1.000000e-030  4.431313e-003  1.000000e-030  1.000000e-030  1.000000e-030  1.000000e-030  1.000000e-030  1.000000e-030  
  8.801481e-027 
final  matrix a is:
 0.559098  0.440902  0.000000  0.000000  0.000000  
  0.000000  0.546572  0.453428  0.000000  0.000000  
  0.000000  0.000000  0.906654  0.093346  0.000000  
  0.000000  0.000000  0.000000  0.890763  0.109237  
  0.000000  0.000000  0.000000  0.000000  1.000000  
  final matrix b is:
 1.000000e-030  6.428571e-002  3.341667e-001  1.000000e-030  7.142857e-003  1.000000e-030  1.875000e-002  1.000000e-030  1.000000e-030  1.000000e-030  3.866667e-001  1.000000e-030  5.000000e-002  1.000000e-030  1.000000e-030  1.000000e-030  1.000000e-030  5.982143e-002  1.000000e-030  1.000000e-030  2.916667e-002  1.000000e-030  1.000000e-030  1.000000e-030  1.000000e-030  1.068538e-018  5.000000e-002  1.000000e-030  1.000000e-030  1.000000e-030  1.000000e-030  1.000000e-030  
  1.000000e-030  7.353698e-003  1.471819e-001  1.000000e-030  1.838425e-003  1.000000e-030  1.000000e-030  1.000000e-030  1.000000e-030  1.000000e-030  1.120102e-001  1.000000e-030  6.320889e-001  1.000000e-030  1.000000e-030  1.000000e-030  1.000000e-030  1.000000e-030  1.000000e-030  1.000000e-030  1.000000e-030  1.000000e-030  1.000000e-030  1.000000e-030  1.000000e-030  5.515274e-003  1.838425e-003  1.000000e-030  9.217311e-002  1.000000e-030  1.000000e-030  1.000000e-030  
  1.000000e-030  1.000000e-030  1.000000e-030  1.000000e-030  1.000000e-030  1.000000e-030  1.000000e-030  1.000000e-030  1.000000e-030  1.000000e-030  1.000000e-030  1.000000e-030  4.759795e-002  1.000000e-030  1.000000e-030  1.000000e-030  1.000000e-030  1.000000e-030  1.000000e-030  1.000000e-030  1.000000e-030  1.000000e-030  1.000000e-030  1.000000e-030  3.761681e-003  1.000000e-030  1.000000e-030  1.000000e-030  9.486404e-001  1.000000e-030  1.000000e-030  1.000000e-030  
  1.528872e-001  1.000000e-030  1.000000e-030  4.004385e-002  3.846149e-003  1.000000e-030  1.000000e-030  1.000000e-030  1.000000e-030  1.000000e-030  1.000000e-030  1.000000e-030  1.000000e-030  1.000000e-030  1.000000e-030  1.000000e-030  7.996514e-001  1.000000e-030  1.000000e-030  1.000000e-030  3.571429e-003  1.000000e-030  1.000000e-030  1.000000e-030  1.751767e-027  1.000000e-030  1.000000e-030  1.000000e-030  1.000000e-030  1.000000e-030  1.000000e-030  1.000000e-030  
  1.798449e-002  7.989883e-002  6.666666e-003  4.725955e-001  3.116555e-003  1.000000e-030  1.104582e-001  8.095238e-003  6.129214e-002  1.000000e-030  1.000000e-030  4.595415e-002  1.000000e-030  1.000000e-030  1.000000e-030  1.000000e-030  6.298261e-003  1.452012e-002  1.000000e-030  7.898163e-002  1.000000e-030  3.333333e-003  9.080496e-002  1.000000e-030  1.000000e-030  1.000000e-030  1.000000e-030  1.000000e-030  1.000000e-030  1.000000e-030  1.000000e-030  1.000000e-030  
  2.210088e-025 
final  matrix a is:
 0.397639  0.602361  0.000000  0.000000  0.000000  
  0.000000  0.724706  0.275294  0.000000  0.000000  
  0.000000  0.000000  0.846244  0.153756  0.000000  
  0.000000  0.000000  0.000000  0.899092  0.100908  
  0.000000  0.000000  0.000000  0.000000  1.000000  
  final matrix b is:
 1.000000e-030  2.714286e-002  1.000000e-002  3.286586e-001  1.666667e-002  1.000000e-030  2.166667e-001  7.134143e-002  1.000000e-030  1.000000e-030  1.000000e-030  1.000000e-030  1.000000e-030  1.000000e-030  1.000000e-030  1.000000e-030  1.000000e-030  3.571429e-002  1.000000e-030  1.000000e-030  1.000000e-030  1.000000e-030  5.000000e-002  4.166667e-002  1.000000e-030  1.521429e-001  1.000000e-030  5.000000e-002  1.000000e-030  1.000000e-030  1.000000e-030  1.000000e-030  
  1.000000e-030  1.348688e-028  1.000000e-030  7.889516e-001  1.000000e-030  1.000000e-030  1.000000e-030  1.000000e-030  1.000000e-030  1.000000e-030  1.000000e-030  1.327540e-001  1.000000e-030  1.000000e-030  1.000000e-030  1.000000e-030  1.000000e-030  1.000000e-030  1.000000e-030  1.246711e-002  1.000000e-030  5.445667e-003  1.000000e-030  5.445667e-003  1.000000e-030  1.000000e-030  1.000000e-030  5.493596e-002  1.000000e-030  1.000000e-030  1.000000e-030  1.000000e-030  
  1.000000e-030  1.000000e-030  1.000000e-030  1.947341e-001  1.000000e-030  1.000000e-030  1.000000e-030  1.000000e-030  1.000000e-030  1.000000e-030  1.000000e-030  7.286799e-001  1.000000e-030  1.000000e-030  1.000000e-030  1.000000e-030  1.000000e-030  1.000000e-030  1.000000e-030  2.231571e-002  1.000000e-030  1.000000e-030  1.000000e-030  1.000000e-030  1.000000e-030  1.000000e-030  1.000000e-030  5.427025e-002  1.000000e-030  1.000000e-030  1.000000e-030  1.000000e-030  
  1.000000e-030  1.000000e-030  1.000000e-030  2.365384e-002  1.000000e-030  1.000000e-030  1.000000e-030  1.007483e-002  1.000000e-030  1.000000e-030  1.000000e-030  6.789850e-002  1.000000e-030  1.000000e-030  1.000000e-030  1.000000e-030  1.000000e-030  1.000000e-030  1.000000e-030  2.884849e-001  1.000000e-030  1.000000e-030  1.000000e-030  4.988300e-003  1.000000e-030  1.000000e-030  1.000000e-030  6.048996e-001  1.000000e-030  1.000000e-030  1.000000e-030  1.000000e-030  
  2.631579e-003  9.443437e-002  1.000000e-030  9.157007e-002  1.000000e-030  1.000000e-030  9.363284e-002  1.000000e-030  1.000000e-030  1.967949e-002  1.000000e-030  1.370910e-001  1.000000e-030  9.090909e-003  1.000000e-030  1.000000e-030  1.000000e-030  1.955619e-002  5.263158e-003  2.118522e-001  1.000000e-030  3.359118e-003  2.541390e-002  1.000000e-030  1.000000e-030  1.090312e-001  1.000000e-030  1.773939e-001  1.000000e-030  1.000000e-030  1.000000e-030  1.000000e-030  
  8.285418e-048 
final  matrix a is:
 0.471926  0.528074  0.000000  0.000000  0.000000  
  0.000000  0.901515  0.098485  0.000000  0.000000  
  0.000000  0.000000  0.829562  0.170438  0.000000  
  0.000000  0.000000  0.000000  0.868044  0.131956  
  0.000000  0.000000  0.000000  0.000000  1.000000  
  final matrix b is:
 2.500000e-001  5.555556e-002  3.194145e-001  1.000000e-030  5.000000e-002  1.000000e-030  7.222222e-002  1.000000e-030  1.000000e-030  6.947442e-002  1.666667e-002  1.000000e-030  1.000000e-030  1.000000e-030  1.000000e-030  1.000000e-030  1.000000e-030  9.861111e-002  5.555556e-002  1.000000e-030  1.000000e-030  1.000000e-030  1.250000e-002  1.000000e-030  1.000000e-030  1.000000e-030  1.000000e-030  1.000000e-030  1.000000e-030  1.000000e-030  1.000000e-030  1.000000e-030  
  8.949292e-001  1.000000e-030  2.818330e-003  1.000000e-030  4.002678e-003  1.000000e-030  5.000000e-002  1.000000e-030  1.000000e-030  1.000000e-030  1.000000e-030  1.000000e-030  1.000000e-030  1.000000e-030  1.000000e-030  1.000000e-030  1.174802e-002  1.000000e-030  1.000000e-030  1.000000e-030  3.650180e-002  1.000000e-030  1.000000e-030  1.000000e-030  1.000000e-030  1.000000e-030  1.000000e-030  1.000000e-030  1.000000e-030  1.000000e-030  1.000000e-030  1.000000e-030  
  7.812689e-002  7.526530e-003  1.000000e-030  1.000000e-030  1.000000e-030  1.000000e-030  1.373136e-002  1.000000e-030  1.176366e-002  8.362811e-004  1.000000e-030  1.000000e-030  1.000000e-030  1.000000e-030  1.000000e-030  1.000000e-030  6.761011e-001  4.181406e-003  1.000000e-030  1.000000e-030  2.035513e-001  1.000000e-030  1.000000e-030  1.000000e-030  1.000000e-030  4.181406e-003  1.000000e-030  1.000000e-030  1.000000e-030  1.000000e-030  1.000000e-030  1.000000e-030  
  2.085281e-001  6.827998e-002  6.592137e-002  5.039599e-002  1.000000e-030  1.000000e-030  1.000000e-030  1.000000e-030  3.797141e-001  1.000000e-030  1.000000e-030  1.000000e-030  4.823370e-003  1.000000e-030  3.125000e-003  1.000000e-030  2.104605e-002  3.233072e-002  1.000000e-030  1.000000e-030  1.428022e-001  1.000000e-030  1.000000e-030  1.000000e-030  2.065217e-002  1.000000e-030  1.000000e-030  1.000000e-030  2.380952e-003  1.000000e-030  1.000000e-030  1.000000e-030  
  2.215433e-002  3.197744e-002  3.158274e-001  1.172272e-003  3.752856e-002  1.000000e-030  7.135523e-002  1.000000e-030  4.733041e-003  1.260356e-002  5.024748e-003  1.000000e-030  3.207288e-002  1.000000e-030  3.382448e-003  1.000000e-030  3.846154e-003  2.517446e-001  4.426354e-002  1.000000e-030  1.308261e-001  1.000000e-030  1.000000e-030  1.000000e-030  1.000000e-030  6.589190e-003  1.000000e-030  1.000000e-030  1.901618e-002  1.000000e-030  5.882353e-003  1.000000e-030  
  2.901751e-037 
final  matrix a is:
 0.589148  0.410852  0.000000  0.000000  0.000000  
  0.000000  0.711003  0.288997  0.000000  0.000000  
  0.000000  0.000000  0.816064  0.183936  0.000000  
  0.000000  0.000000  0.000000  0.947967  0.052033  
  0.000000  0.000000  0.000000  0.000000  1.000000  
  final matrix b is:
 1.000000e-030  1.797113e-002  1.666667e-002  1.000000e-030  3.202887e-002  1.000000e-030  7.253748e-002  4.802075e-001  1.000000e-030  1.000000e-030  1.000000e-030  1.250000e-002  1.000000e-030  8.477135e-002  1.000000e-030  5.000000e-002  1.000000e-030  1.000000e-030  2.746252e-002  1.000000e-030  1.000000e-030  1.000000e-001  7.142857e-003  9.763202e-002  1.000000e-030  1.000000e-030  1.000000e-030  1.079613e-003  1.000000e-030  1.000000e-030  1.000000e-030  1.000000e-030  
  1.000000e-030  1.000000e-030  1.000000e-030  5.859781e-002  4.834534e-002  1.000000e-030  1.000000e-001  3.587512e-001  1.000000e-030  1.000000e-030  1.000000e-030  1.000000e-030  1.000000e-030  1.000000e-030  1.000000e-030  6.515961e-002  1.000000e-030  1.000000e-030  1.000000e-030  6.181136e-002  1.654656e-003  6.073975e-002  1.000000e-030  2.321776e-001  1.000000e-030  1.000000e-030  1.000000e-030  1.276273e-002  1.000000e-030  1.000000e-030  1.000000e-030  1.000000e-030  
  1.000000e-030  1.000000e-030  1.000000e-030  1.126500e-002  1.000000e-030  1.962562e-003  1.000000e-030  4.408697e-001  1.000000e-030  1.000000e-030  1.000000e-030  8.275026e-002  1.000000e-030  1.000000e-030  1.000000e-030  4.709029e-002  1.000000e-030  1.000000e-030  1.000000e-030  5.544433e-002  1.000000e-030  8.125093e-002  1.000000e-030  2.793669e-001  1.000000e-030  1.000000e-030  1.000000e-030  1.000000e-030  1.000000e-030  1.000000e-030  1.000000e-030  1.000000e-030  
  1.000000e-030  1.000000e-030  1.000000e-030  1.000000e-030  1.000000e-030  1.000000e-030  1.000000e-030  3.838133e-001  1.000000e-030  1.000000e-030  1.000000e-030  1.760193e-002  1.000000e-030  2.393489e-003  1.000000e-030  1.029825e-002  1.000000e-030  1.000000e-030  1.000000e-030  1.205901e-002  1.000000e-030  4.304279e-001  1.000000e-030  1.331373e-001  1.000000e-030  1.000000e-030  1.000000e-030  8.948495e-003  1.000000e-030  1.000000e-030  1.000000e-030  1.320324e-003  
  1.000000e-030  7.278424e-003  1.000000e-030  1.000000e-030  1.455685e-003  6.209174e-003  1.367096e-003  2.207197e-001  1.000000e-030  1.000000e-030  1.000000e-030  1.000000e-030  1.000000e-030  6.843882e-001  1.000000e-030  1.000000e-030  1.000000e-030  7.278424e-004  1.000000e-030  5.628086e-003  1.000000e-030  4.551933e-002  5.580453e-003  9.812332e-003  1.000000e-030  6.550582e-003  1.000000e-030  1.000000e-030  1.000000e-030  4.763103e-003  1.000000e-030  1.000000e-030  
  8.959413e-025 
final  matrix a is:
 0.830305  0.169695  0.000000  0.000000  0.000000  
  0.000000  0.795026  0.204974  0.000000  0.000000  
  0.000000  0.000000  0.628344  0.371656  0.000000  
  0.000000  0.000000  0.000000  0.955019  0.044981  
  0.000000  0.000000  0.000000  0.000000  1.000000  
  final matrix b is:
 1.000000e-030  4.545455e-002  1.000000e-030  1.000000e-030  1.000000e-030  1.000000e-030  9.167088e-001  1.000000e-030  1.000000e-030  1.000000e-030  1.000000e-030  1.000000e-030  1.000000e-030  1.000000e-030  1.000000e-030  1.000000e-030  1.000000e-030  1.000000e-030  3.329118e-002  1.000000e-030  1.000000e-030  1.000000e-030  1.000000e-030  1.000000e-030  1.000000e-030  4.545455e-003  1.000000e-030  1.000000e-030  1.000000e-030  1.000000e-030  1.000000e-030  1.000000e-030  
  1.000000e-030  1.000000e-030  1.000000e-030  1.000000e-030  1.000000e-030  1.000000e-030  7.824673e-001  1.000000e-030  1.000000e-030  1.000000e-030  1.000000e-030  1.000000e-030  2.500000e-002  1.000000e-030  1.000000e-030  1.000000e-030  1.000000e-030  1.656391e-003  1.013078e-001  1.000000e-030  1.000000e-030  1.000000e-030  6.456845e-002  1.000000e-030  1.000000e-030  1.000000e-030  1.000000e-030  1.000000e-030  2.500000e-002  1.000000e-030  1.000000e-030  1.000000e-030  
  1.000000e-030  1.000000e-030  1.999499e-001  1.000000e-030  1.000000e-030  1.000000e-030  1.000000e-030  1.000000e-030  8.035289e-002  1.000000e-030  1.287879e-002  1.000000e-030  1.946970e-001  1.000000e-030  1.570303e-001  8.333333e-003  1.000000e-030  2.542266e-001  1.989693e-002  1.000000e-030  6.808899e-002  1.000000e-030  1.000000e-030  1.000000e-030  4.545324e-003  1.000000e-030  1.000000e-030  1.000000e-030  1.000000e-030  1.000000e-030  1.000000e-030  1.000000e-030  
  1.000000e-030  1.000000e-030  2.391357e-003  1.000000e-030  1.000000e-030  1.000000e-030  1.000000e-030  1.000000e-030  1.964206e-001  1.000000e-030  1.000000e-030  1.000000e-030  2.525935e-002  1.000000e-030  1.000000e-030  1.000000e-030  2.500000e-003  1.518464e-027  1.000000e-030  1.000000e-030  1.984620e-001  1.000000e-030  1.000000e-030  1.000000e-030  5.628299e-001  1.000000e-030  1.000000e-030  1.000000e-030  1.047009e-002  1.000000e-030  1.666667e-003  1.000000e-030  
  2.053435e-002  1.493200e-002  1.000000e-002  2.027741e-002  1.000000e-030  3.926473e-001  2.672947e-001  8.257014e-002  2.725490e-002  3.234568e-003  1.000000e-030  1.549020e-002  1.000000e-030  3.412538e-003  1.000000e-030  1.000000e-030  1.333333e-002  4.077252e-002  2.000000e-003  1.000000e-030  1.000000e-030  6.969157e-002  5.063830e-003  1.428571e-003  1.000000e-030  1.006211e-002  1.000000e-030  1.000000e-030  1.000000e-030  1.000000e-030  1.000000e-030  1.000000e-030  
  2.629728e-027 
