final  matrix a is:
 0.964474  0.485526  0.000000  0.000000  0.000000  
  0.000000  1.165000  0.285000  0.000000  0.000000  
  0.000000  0.000000  1.095012  0.354988  0.000000  
  0.000000  0.000000  0.000000  1.158044  0.291956  
  0.000000  0.000000  0.000000  0.000000  1.450000  
  final matrix b is:
 1.450000e-030  1.450000e-030  1.450000e-030  1.450000e-030  1.450000e-030  1.450000e-030  1.000000e-002  1.450000e-030  1.450000e-030  1.450000e-030  1.450000e-030  1.450000e-030  1.450000e-030  1.450000e-030  6.794923e-001  1.450000e-030  1.450000e-030  1.450000e-030  1.450000e-030  1.450000e-030  1.450000e-030  1.450000e-030  1.450000e-030  1.450000e-030  1.450000e-030  1.450000e-030  1.450000e-030  1.450000e-030  1.450000e-030  1.161782e-001  6.443295e-001  1.450000e-030  
  1.450000e-030  1.450000e-030  1.450000e-030  1.450000e-030  1.450000e-030  1.450000e-030  1.450000e-030  1.450000e-030  1.450000e-030  1.450000e-030  1.450000e-030  1.450000e-030  1.450000e-030  1.450000e-030  2.568094e-001  1.450000e-030  1.450000e-030  1.450000e-030  1.450000e-030  1.450000e-030  1.450000e-030  1.450000e-030  1.450000e-030  1.450000e-030  1.450000e-030  1.450000e-030  1.450000e-030  1.450000e-030  1.450000e-030  1.186473e+000  6.717798e-003  1.450000e-030  
  1.450000e-030  1.450000e-030  1.450000e-030  1.450000e-030  1.450000e-030  1.450000e-030  1.450000e-030  1.450000e-030  1.450000e-030  1.450000e-030  1.450000e-030  1.450000e-030  1.450000e-030  1.410070e+000  1.450000e-030  1.450000e-030  1.450000e-030  1.450000e-030  1.450000e-030  1.450000e-030  1.450000e-030  1.450000e-030  1.450000e-030  1.450000e-030  1.450000e-030  1.450000e-030  1.450000e-030  1.450000e-030  1.450000e-030  3.992973e-002  1.450000e-030  1.450000e-030  
  1.450000e-030  4.361751e-002  1.450000e-030  1.450000e-030  1.450000e-030  1.450000e-030  1.450000e-030  1.450000e-030  1.450000e-030  2.673645e-002  1.450000e-030  1.450000e-030  1.450000e-030  5.648592e-003  1.450000e-030  1.450000e-030  1.450000e-030  1.450000e-030  1.450000e-030  1.450000e-030  1.450000e-030  1.244177e+000  1.450000e-030  1.450000e-030  2.174544e-002  1.080746e-001  1.450000e-030  1.450000e-030  1.450000e-030  1.450000e-030  1.450000e-030  1.450000e-030  
  1.450000e-030  2.138063e-002  1.450000e-030  1.450000e-030  2.000000e-003  2.098238e-001  1.450000e-030  1.450000e-030  2.848085e-001  4.154191e-001  1.151170e-003  1.450000e-030  1.450000e-030  8.091428e-003  1.450000e-030  1.450000e-030  7.193914e-003  1.450000e-030  1.450000e-030  1.450000e-030  1.450000e-030  2.381631e-002  1.450000e-030  1.450000e-030  1.835734e-001  2.927417e-001  1.450000e-030  1.450000e-030  1.450000e-030  1.450000e-030  1.450000e-030  1.450000e-030  
  2.482975e-024 
final  matrix a is:
 1.238753  0.211247  0.000000  0.000000  0.000000  
  0.000000  0.913925  0.536075  0.000000  0.000000  
  0.000000  0.000000  1.051340  0.398660  0.000000  
  0.000000  0.000000  0.000000  1.215239  0.234761  
  0.000000  0.000000  0.000000  0.000000  1.450000  
  final matrix b is:
 1.450000e-030  1.450000e-030  1.450000e-030  1.450000e-030  1.450000e-030  1.450000e-030  3.843323e-001  1.450000e-030  3.419756e-003  1.450000e-030  3.024566e-002  1.450000e-030  1.450000e-030  1.450000e-030  1.450000e-030  1.450000e-030  1.450000e-030  1.450000e-030  1.450000e-030  1.450000e-030  1.450000e-030  1.450000e-030  1.032002e+000  1.450000e-030  1.450000e-030  1.450000e-030  1.450000e-030  1.450000e-030  1.450000e-030  1.450000e-030  1.450000e-030  1.450000e-030  
  1.450000e-030  1.450000e-030  1.450000e-030  1.450000e-030  1.450000e-030  6.250000e-002  1.262194e+000  1.450000e-030  1.450000e-030  1.450000e-030  1.450000e-030  1.450000e-030  1.450000e-030  6.330443e-002  1.450000e-030  1.450000e-030  1.450000e-030  1.450000e-030  1.450000e-030  1.450000e-030  1.450000e-030  1.450000e-030  6.200143e-002  1.450000e-030  1.450000e-030  1.450000e-030  1.450000e-030  1.450000e-030  1.450000e-030  1.450000e-030  1.450000e-030  1.450000e-030  
  1.450000e-030  1.450000e-030  3.052531e-001  1.450000e-030  7.207057e-001  1.450000e-030  1.293373e-002  9.545455e-003  1.450000e-030  1.450000e-030  1.450000e-030  1.450000e-030  8.539191e-003  1.472983e-001  1.450000e-030  1.450000e-030  1.450000e-030  1.450000e-030  5.000000e-002  1.450000e-030  1.413746e-001  1.599023e-002  9.793794e-003  1.450000e-030  1.644477e-002  1.450000e-030  1.450000e-030  1.450000e-030  1.450000e-030  1.212110e-002  1.450000e-030  6.365316e-013  
  4.022350e-002  1.450000e-030  1.450000e-030  1.657855e-002  2.286729e-001  1.450000e-030  1.450000e-030  1.450000e-030  1.450000e-030  1.450000e-030  1.450000e-030  1.450000e-030  4.845121e-001  1.450000e-030  1.450000e-030  6.490573e-003  1.450000e-030  1.450000e-030  1.450000e-030  1.450000e-030  4.758144e-001  1.450000e-030  1.450000e-030  1.450000e-030  1.450000e-030  1.450000e-030  1.450000e-030  1.450000e-030  9.273160e-002  1.450000e-030  1.450000e-030  1.049764e-001  
  3.152709e-003  1.450000e-030  1.450000e-030  4.357517e-003  7.953461e-003  1.450000e-030  1.450000e-030  4.937061e-001  5.737705e-003  1.450000e-030  4.918033e-003  1.450000e-030  8.986269e-002  1.450000e-030  1.450000e-030  2.630291e-001  1.450000e-030  1.450000e-030  1.450000e-030  1.450000e-030  1.450000e-030  1.450000e-030  1.450000e-030  2.154522e-001  1.450000e-030  1.450000e-030  1.450000e-030  1.450000e-030  2.239345e-001  1.450000e-030  1.450000e-030  1.378959e-001  
  5.331702e-017 
final  matrix a is:
 0.935263  0.514737  0.000000  0.000000  0.000000  
  0.000000  0.898995  0.551005  0.000000  0.000000  
  0.000000  0.000000  1.029354  0.420646  0.000000  
  0.000000  0.000000  0.000000  1.384903  0.065097  
  0.000000  0.000000  0.000000  0.000000  1.450000  
  final matrix b is:
 1.450000e-030  1.450000e-030  2.202903e-001  1.450000e-030  3.085275e-001  1.450000e-030  4.126529e-002  2.589949e-004  9.052203e-003  1.450000e-030  8.957663e-002  1.450000e-030  1.000000e-001  1.450000e-030  1.450000e-030  1.450000e-030  1.450000e-030  3.905732e-005  2.862097e-001  1.450000e-030  9.143344e-002  1.450000e-030  6.506828e-003  5.000000e-002  1.450000e-030  1.450000e-030  2.397860e-001  1.450000e-030  1.450000e-030  1.450000e-030  7.054044e-003  1.450000e-030  
  7.876337e-002  6.765733e-002  2.385303e-002  6.792775e-003  3.343579e-001  1.450000e-030  1.111111e-002  9.558382e-002  1.450000e-030  1.666667e-002  4.234675e-003  1.450000e-030  3.472202e-001  1.450000e-030  1.450000e-030  1.450000e-030  1.666667e-002  1.865953e-001  5.044822e-002  1.666667e-002  1.433823e-001  8.333333e-003  1.450000e-030  1.450000e-030  1.450000e-030  1.450000e-030  4.166667e-002  1.450000e-030  1.450000e-030  1.450000e-030  1.450000e-030  1.450000e-030  
  5.167686e-002  1.450000e-030  1.450000e-030  5.579487e-002  8.250000e-002  1.450000e-030  1.450000e-030  6.250000e-003  1.450000e-030  1.450000e-030  1.450000e-030  5.185665e-002  6.250000e-003  1.450000e-030  1.450000e-030  1.450000e-030  1.450000e-030  5.502426e-001  1.250000e-002  1.207394e-001  6.478542e-002  8.702259e-013  1.450000e-030  1.450000e-030  1.450000e-030  1.450000e-030  1.450000e-030  4.474043e-001  1.450000e-030  1.450000e-030  1.450000e-030  1.450000e-030  
  1.526519e-002  1.450000e-030  1.450000e-030  1.729121e-002  1.450000e-030  1.450000e-030  1.450000e-030  1.450000e-030  1.450000e-030  1.450000e-030  1.450000e-030  8.138105e-001  1.450000e-030  1.450000e-030  1.450000e-030  1.450000e-030  1.450000e-030  7.075188e-002  1.450000e-030  1.211873e-001  1.450000e-030  1.450000e-030  1.450000e-030  1.450000e-030  1.450000e-030  1.450000e-030  1.450000e-030  4.116939e-001  1.450000e-030  1.450000e-030  1.450000e-030  1.450000e-030  
  1.450000e-030  7.723623e-001  5.557203e-003  1.450000e-030  1.515152e-003  1.450000e-030  5.030303e-003  1.450000e-030  2.204399e-002  5.524718e-002  2.108927e-003  1.128428e-002  1.450000e-030  2.000000e-003  1.450000e-030  1.450000e-030  1.299189e-002  5.204872e-001  9.097344e-003  1.450000e-030  1.450000e-030  1.450000e-030  1.450000e-030  1.450000e-030  2.884560e-002  1.428571e-003  1.450000e-030  1.450000e-030  1.450000e-030  1.450000e-030  1.450000e-030  1.450000e-030  
  5.018284e-017 
final  matrix a is:
 0.876099  0.473901  0.000000  0.000000  0.000000  
  0.000000  0.837604  0.512396  0.000000  0.000000  
  0.000000  0.000000  1.044252  0.305748  0.000000  
  0.000000  0.000000  0.000000  1.203784  0.146216  
  0.000000  0.000000  0.000000  0.000000  1.350000  
  final matrix b is:
 7.771919e-004  1.350000e-030  3.967560e-002  1.350000e-030  6.154133e-001  1.666667e-002  4.392624e-002  1.350000e-030  3.335637e-002  1.350000e-030  6.711133e-002  1.350000e-030  1.166667e-001  1.350000e-030  1.350000e-030  1.350000e-030  1.350000e-030  1.350000e-030  1.874898e-001  1.350000e-030  6.714285e-002  1.388889e-002  1.350000e-030  1.350000e-030  1.350000e-030  1.350000e-030  1.395518e-001  1.350000e-030  1.350000e-030  1.350000e-030  8.333333e-003  1.350000e-030  
  3.374597e-001  1.350000e-030  1.223860e-001  3.711052e-003  1.937350e-001  1.350000e-030  6.790236e-002  1.250000e-002  1.531524e-016  1.350000e-030  1.397953e-002  1.350000e-030  1.031445e-001  1.350000e-030  1.350000e-030  1.350000e-030  1.350000e-030  1.606733e-001  1.350000e-030  3.470866e-002  2.438095e-001  1.350000e-030  4.002275e-003  1.350000e-030  2.109015e-003  1.350000e-030  1.350000e-030  3.787224e-002  1.350000e-030  1.350000e-030  1.200682e-002  1.350000e-030  
  1.342239e-001  1.350000e-030  1.724138e-003  2.376187e-001  4.471896e-002  1.350000e-030  1.180121e-002  7.244788e-004  8.693745e-003  1.350000e-030  5.795830e-003  1.956328e-002  1.350000e-030  1.350000e-030  1.350000e-030  1.350000e-030  1.350000e-030  2.943150e-002  5.214543e-002  2.640718e-001  6.666667e-002  1.350000e-030  1.350000e-030  1.350000e-030  3.423813e-003  1.350000e-030  3.448276e-003  4.659482e-001  1.350000e-030  1.350000e-030  1.350000e-030  1.350000e-030  
  3.712964e-001  1.350000e-030  1.350000e-030  6.085291e-001  1.350000e-030  1.350000e-030  1.350000e-030  1.350000e-030  1.350000e-030  1.350000e-030  1.350000e-030  2.468607e-002  5.891926e-003  1.350000e-030  1.350000e-030  1.350000e-030  1.350000e-030  2.570067e-003  1.350000e-030  2.808086e-001  2.865070e-003  1.350000e-030  1.350000e-030  1.350000e-030  1.350000e-030  1.350000e-030  1.350000e-030  5.335273e-002  2.662135e-010  1.350000e-030  1.350000e-030  1.350000e-030  
  3.714824e-001  3.155424e-003  6.270241e-004  9.258377e-002  6.952778e-002  1.350000e-030  1.065941e-002  1.133075e-001  5.016193e-003  1.350000e-030  1.065941e-002  8.732624e-004  5.263365e-001  1.350000e-030  1.350000e-030  1.350000e-030  1.881072e-003  4.317672e-003  7.605501e-003  2.086541e-002  1.606292e-002  1.350000e-030  1.350000e-030  1.350000e-030  1.254048e-003  1.350000e-030  1.350000e-030  1.427867e-002  7.950607e-002  1.350000e-030  1.350000e-030  1.350000e-030  
  8.164865e-018 