4.237254 2.155165 0.872584 0.551574 0.053622 0.266460 0.874848 -0.083744 -0.306897 -0.190899 -0.173314 -0.111562 
1.535506 0.857629 1.121591 0.313547 1.288261 0.316455 1.100180 0.286137 0.624896 0.200999 0.270578 0.084612 
3.439896 2.572762 2.204085 2.116457 1.562988 0.604032 0.353687 0.078250 -0.139002 -0.359572 -0.114593 -0.062393 
3.838383 1.421210 0.236742 0.845418 0.436223 0.531227 1.995505 0.702750 -0.001163 -0.349841 -0.048934 -0.073782 
1.528046 1.155617 1.453523 0.291402 0.994163 0.134662 0.462619 -0.404667 0.089960 -0.060009 0.206741 0.103414 
4.582320 0.882724 -0.784885 1.887872 2.749716 1.209172 0.967815 0.601004 0.510056 -0.245511 -0.102273 0.000536 
2.911994 2.135960 1.776314 1.610933 1.898233 1.642238 1.734020 0.722149 0.549275 0.203892 0.186039 0.038362 
3.941796 0.865492 -0.315089 1.151764 1.854230 1.783786 1.910775 0.936436 -0.007153 -0.448183 -0.341162 -0.072623 
4.764206 1.773726 0.686847 1.372608 0.537491 -0.945417 0.282220 0.774396 0.383990 -0.251341 -0.170135 -0.053309 
0.471445 0.314642 1.283092 0.389533 0.677884 1.592193 1.330806 -0.476782 0.580102 0.201214 0.236661 0.062534 
3.780216 2.938657 2.585920 2.886822 2.221466 0.732578 0.251307 -0.331607 -0.331770 -0.623691 -0.032709 -0.079961 
4.021463 1.230968 -0.409263 1.441384 0.819023 -0.363496 2.725909 1.367886 0.286698 -0.647414 -0.148256 -0.065473 
4.276280 2.209922 1.411963 2.378463 1.765489 -0.174727 -0.658285 -0.572516 -0.525647 -0.883534 -0.192793 -0.068009 
3.608274 0.801104 -0.093684 1.339527 2.130252 2.346988 2.875448 1.216937 -0.079662 -0.127052 0.074372 0.052682 
3.416681 2.496964 2.604047 3.253438 2.089649 0.356515 1.013944 1.042687 0.256577 -0.434969 0.047990 0.009813 
3.687864 -0.045238 -0.066707 2.657049 2.510760 1.090771 2.583749 2.066897 -0.134008 -0.576014 0.004994 0.120848 
4.511181 1.842853 0.755639 0.667669 -0.333172 -0.648824 0.446040 0.200328 -0.256808 -0.786553 -0.271622 -0.105559 
3.512578 2.041638 1.084575 1.358741 1.600127 0.472530 0.503024 0.375955 0.597611 0.221214 0.199469 0.033784 
3.169614 2.784554 2.858534 2.578016 2.196059 1.052758 1.119399 0.406647 0.240403 -0.109809 0.083167 -0.006788 
3.422811 0.960508 0.360462 0.874519 0.315121 0.974675 2.982671 1.482555 0.189749 -0.335035 -0.063756 -0.081336 
4.406298 2.159648 1.018348 1.409917 0.671688 -0.479966 -0.207217 -0.170339 -0.113221 -0.238250 -0.109816 -0.065261 
4.366508 0.335414 -0.684993 1.681683 2.273521 1.195321 1.952251 1.527793 0.404094 -0.602451 -0.364049 -0.030415 
2.426256 1.817729 1.764920 1.482881 1.249891 2.066287 2.834296 0.514501 0.751768 0.231594 0.138280 0.030946 
4.638667 0.011819 -0.790258 1.913992 1.562909 1.334906 2.767258 0.813706 -0.246875 -0.513848 -0.239150 -0.091781 
5.225743 1.222967 0.069633 2.040933 0.897543 -2.086658 -0.830805 0.382250 0.005033 -0.356589 -0.129658 0.007978 
1.201324 0.672390 0.862006 0.117858 1.659016 1.067976 1.747951 0.046459 0.086562 0.233110 0.308110 0.049994 
4.152868 2.706135 2.477922 3.806337 2.935172 0.224091 -0.179911 -0.163844 -0.059067 -0.969838 -0.101927 -0.066619 
3.910199 1.386609 -0.128778 1.347305 -0.190815 -0.014287 3.562132 1.200526 0.268754 -0.507214 0.001473 -0.120122 
4.439798 2.067985 1.213653 1.740251 1.133502 -0.281901 -0.313935 -0.379118 -0.949006 -1.421585 -0.271108 -0.038483 
3.946338 -0.364455 -0.712426 2.498992 2.454155 1.923605 3.433619 1.433878 -0.188916 -0.268361 0.170305 0.097713 
3.659893 2.459431 2.346596 3.553386 2.805870 -0.562678 1.249063 0.969573 0.708631 -0.732650 -0.024981 0.055495 
3.951704 -0.578595 -0.610765 2.909100 3.298657 0.514215 3.182444 1.698357 -0.057235 -0.555510 0.008902 0.157200 
