4.361089 1.410471 1.217958 2.258796 0.717942 -1.160031 -0.930825 -0.733739 -1.014986 -1.258607 -0.168469 -0.014201 
4.959578 1.130611 0.317728 0.990786 -0.066046 -1.230057 0.124129 0.673694 0.466824 -0.593502 -0.341535 -0.057354 
3.721727 -0.648389 -0.074008 1.089643 2.677171 -0.020580 0.478360 -0.581218 -0.055537 0.162707 -0.054598 -0.035139 
4.405701 1.287250 1.043552 2.550280 1.080471 -1.580215 -1.646089 -0.695508 -0.596500 -1.224536 -0.298058 -0.022554 
4.541126 1.167857 0.965433 2.051071 1.130980 -0.518795 0.215266 -0.144137 -0.536213 -0.299371 0.008396 -0.027508 
4.572981 0.770636 -0.367472 1.313429 0.201100 -1.051010 1.360003 0.311992 -0.450516 -0.541000 0.009524 -0.070264 
4.519471 0.946177 0.313784 1.401088 1.595823 1.321193 2.036724 0.627943 -0.238343 0.156228 0.363058 0.076305 
3.781317 1.972526 2.192315 3.367466 2.309598 -0.521863 -0.025702 0.020983 -0.126383 -0.668493 -0.221854 -0.046189 
3.096738 0.280767 1.528618 0.505642 0.470790 0.203769 1.008990 0.920294 0.907036 -0.716608 0.196916 0.034127 
4.424493 0.475171 -0.455324 1.295433 0.098428 -1.524736 0.748200 0.790048 -0.275212 -1.000497 -0.238126 -0.056160 
0.957192 -1.178121 1.370772 1.540192 3.309435 1.067591 0.462664 0.239849 0.680827 0.394877 0.182913 0.041383 
4.306696 1.256541 0.743012 1.843045 0.272800 -2.004273 -1.330292 -0.148310 -0.638908 -1.391513 -0.263649 0.006943 
4.099663 1.485837 1.475282 2.626982 1.599519 -1.022184 -0.931542 -0.293701 -0.071265 -0.727035 -0.251761 -0.022230 
4.511285 -0.577000 -0.636198 1.993861 1.751408 0.090073 1.856104 1.092907 -0.469121 -0.478363 -0.281440 -0.123434 
4.115954 -1.365408 -0.670200 3.487611 3.493785 1.513308 2.235181 1.643532 0.146254 0.208291 0.061138 0.022628 
4.248409 1.875438 2.143319 4.201989 3.340446 -1.777354 0.592993 -0.643706 -0.047738 -0.800597 -0.274017 -0.019652 
0.053892 0.049284 0.049601 0.049314 0.049830 0.049533 0.050260 0.049639 0.049472 0.049263 0.049362 0.049437 
4.538096 1.058604 0.623520 1.618784 0.115745 -1.336713 -0.521597 0.070622 -0.317997 -1.130208 -0.326932 -0.037376 
1.695465 -2.030129 0.200637 1.094490 3.233770 -0.426101 1.299875 0.096187 0.252661 0.068229 -0.031781 0.032669 
5.451352 0.431697 1.189669 3.060996 0.276962 -2.363534 -0.800216 -1.142410 -0.873338 -1.211309 -0.312002 0.016701 
5.139918 0.898492 1.196480 2.832475 1.182367 -1.725097 0.362865 -0.673876 -0.498883 -0.471858 -0.034553 -0.001813 
4.387099 -0.031263 -0.645548 2.044747 1.250450 -0.986206 1.153629 1.019896 -0.161758 -0.653293 -0.304060 -0.107499 
4.264293 1.407136 0.524676 1.281207 2.191214 2.487926 2.170910 0.432971 -0.198097 0.180852 0.305436 0.096813 
4.278752 1.766354 1.834476 3.586997 3.736822 -0.984849 -0.993547 -0.271999 -0.003302 -0.625864 -0.391983 -0.082440 
4.204491 0.952617 0.489549 1.618626 0.450167 -0.675621 1.448751 1.071176 0.067431 -0.384430 0.063496 0.011737 
4.877832 0.184068 -0.960782 2.020901 0.434975 -2.378544 1.098578 0.610531 0.132519 -0.921986 -0.227944 -0.069834 
0.572320 -2.551966 0.370259 0.469683 3.756712 1.494600 1.338882 0.213344 0.166916 0.204289 0.225127 0.084148 
4.334047 1.066954 1.188825 2.555296 0.316545 -2.469059 -1.580232 -0.348654 -0.480563 -1.117056 -0.299431 -0.006396 
4.307459 1.611877 1.880001 3.544912 2.124270 -1.610787 -0.961688 -0.715045 -0.178217 -0.751908 -0.312983 -0.049490 
4.266063 -1.395866 -0.495299 2.845528 2.599046 1.119541 2.301370 1.439924 -0.292470 -0.081364 -0.064643 -0.065158 
3.433669 -0.241521 -0.097209 2.583344 3.499543 2.283381 1.784893 0.989570 0.455871 0.413368 0.061758 0.039068 
4.910318 1.530087 1.751275 4.075744 3.111764 -2.776042 -0.151799 -1.445233 -0.227798 -0.805900 -0.376851 -0.024284 
